8
2
3
5299
476
440
69
4
96
5
4
3
1
2
85
1
30
1
63
1
37
1
1
1
1
24
33
70
13249
1
32
70
32630
4
34
2
2
1
1
151
1
1
24
8
1
14
34
1
7
3
14
1
205
562
2145
1460
12
5
1626
3
230
767
2203
1842
1560
3
3
779
3
1
5
216
2
198
3
4
288
3
1534
768
935
15
57
10
2
9
46
9
27
2
15
2
3
8
17
5
3
14
12
5
16
8
2
216
63
8
11
250
1
17
11
27
23
20
8
8
3
36377
27
3
17
1
3
6
2
4
18
1
109
5
3
17
1
1
10
5
2
49918
1
2
5
4
668
56
2
1
1
5
174
7
3
4
1
1
9
7
21
11
48
1
1
316
8
3
4
5
21
17
1
53
116
13
13
17
6
2
7
2
10
49
571
85608
2
32
106
30
2
82
107
16
77
9
1142
31
85608
2
13
58
116
4
26
12
27
316
10
21
2
2
61
51
57
80
976
8
5
54
1
93
1
1
1
9
1
13
1
2
1
67
128
6
71
77
9
73
25
11
62
78
9
81
63
65
4
24
1
11
4
1
1
7
59
78
1
8
11
5
120
14
34
8
70
61
17
65
23
42
3
1
453
289
28
2
34
194
168
503
938
2
75
266
21
199
190
81
1
57
63
67
9
64
6
4415
63
66
2
6
67
64
66
2
67
72
61
56
23
2
7
1
56
1
5
42
7
45
45
45
11
51
3
7
43
7
50
40
9
5
4
4
39
42
14
2
44
4
49
8
43
7
7
10
6
13
39
5
9
13
49
8
37
11
55
47
36
42
47
46
9
49
41
38
6
40
5
1
63
6
18
4
38
5
42
41
8
4
4
18
48
41
9
37
9
4
4
11
42
42
4
3
46
13
40
42
43
6
9
43
51
10
5
48
46
8
3
38
41
47
13
5
38
2
9
68
7
3
10
42
39
5
4
10
48
38
59
43
44
8
7
4
40
45
9
6
10
57
6
49
8
42
41
5
2
4
48
33
35
3
3
45
4
4
10
44
36
49
49
38
2
3
4
8
10
41
60
7
8
4
10
41
6
6
9462
16
6
88
7
48
41
5
46
23
6
38
7
44
12
46
4
37
9
50
6
3
38
7
56
5
42
5
42
47
2
43
38
42
36
4
36
5
6
52
39
6
