6              
73             
1302           
25             
570            
424            
528            
1              
1706           
0              
46430          
566            
188            
13             
155            
831            
599            
15             
1438           
32             
7              
2623           
153            
378            
21             
437            
42             
378            
18             
434            
264            
63             
518            
41             
43             
26             
44             
41             
20             
2              
610            
1829           
227            
151            
74             
144            
171            
1509           
246            
601            
153            
852            
152            
1147           
2              
967            
170147         
51007          
53954          
4385           
45255          
38             
3537           
387            
8938           
1907           
3980           
1021           
0              
32             
79             
4              
23890          
2              
637            
4308           
392            
34             
6              
366            
96             
210            
7              
56             
4              
235            
22             
1665           
1200           
19             
1776           
2055           
13             
6              
2035           
200            
2027           
2063           
1836           
479            
42             
15             
325            
122            
1040           
123            
7014           
928            
1246           
5241           
36             
56             
53             
1140           
751            
1081           
705            
97             
1417           
748            
203            
1528           
307            
454            
82             
1290           
2530           
54             
3642           
265            
1826           
131            
1074           
290            
764            
2161           
2121           
5165           
358            
92             
13             
227            
143            
113            
19             
2442           
842            
546            
42627          
1539           
244            
231            
9              
32             
11             
271            
20             
176            
50             
330            
414            
429            
1753           
202            
2826           
1118           
1520           
1505           
277            
115            
322            
36             
46             
10             
4405           
739            
17             
20             
4              
292            
136            
147            
23             
726            
259            
578            
42             
262            
53             
477            
106            
320            
